%F= 20;
m= 1;
k=400 ;
c=4;
